1644.6
734.4
1639.1
734.4
1638.6
734.4
1638.6
734.4
1554.9
734.4
1459.8
734.4
1364.5
734.4
1270.5
734.4
1175.3
734.4
1080.1
734.4
984.2
734.4
890.1
734.4
794.7
734.4
701.5
734.4
606.2
734.4
514.9
734.4
425.1
734.4
337.7
734.4
241.0
734.4
145.0
734.4
79.1
698.8
70.0
615.7
67.5
552.5
72.1
477.2
62.5
413.9
67.1
332.3
77.1
250.7
73.9
177.2
76.9
100.8
70.5
23.1
757.2
365.9
661.2
365.9
570.1
365.9
479.4
365.9
386.3
365.9
297.2
365.9
206.9
365.9
116.2
365.9
70.2
333.1
73.8
252.6
77.7
186.1
73.4
117.0
69.6
41.9
1656.8
729.0
1649.4
729.0
1643.6
729.0
