112.2
85.6
112.3
85.6
112.9
85.6
112.9
85.6
196.5
85.6
291.6
85.6
386.9
85.6
480.9
85.6
576.1
85.6
671.2
85.6
767.2
85.6
861.3
85.6
956.7
85.6
1049.9
85.6
1145.2
85.6
1236.4
85.6
1326.3
85.6
1413.7
85.6
1510.4
85.6
1606.3
85.6
1687.0
121.2
1690.0
204.3
1694.4
267.5
1692.5
342.8
1704.7
406.1
1702.3
487.7
1694.0
569.3
1698.7
642.8
1696.4
719.2
1701.8
796.9
1005.0
454.1
1094.6
454.1
1185.6
454.1
1276.4
454.1
1369.4
454.1
1458.6
454.1
1548.9
454.1
1639.6
454.1
1685.9
486.9
1683.7
567.4
1682.5
633.9
1687.3
703.0
1693.4
778.1
106.8
91.0
105.8
91.0
106.9
91.0
