1638.6
734.4
1638.5
734.4
1602.6
734.4
1504.8
734.4
1409.7
734.4
1314.3
734.4
1220.0
734.4
1122.7
734.4
1028.3
734.4
931.9
734.4
836.6
734.4
743.5
734.4
649.5
734.4
553.5
734.4
464.4
734.4
375.8
734.4
287.0
734.4
191.9
734.4
96.1
734.4
79.9
686.3
75.9
613.3
75.9
542.7
71.0
477.2
72.4
404.4
72.6
326.7
78.9
248.4
74.6
177.2
77.5
100.8
70.9
23.1
757.2
365.9
661.8
365.9
570.8
365.9
478.8
365.9
386.9
365.9
296.6
365.9
206.3
365.9
116.8
365.9
69.5
333.1
73.1
252.6
77.1
186.1
73.1
117.0
70.3
41.9
1656.8
729.0
1648.4
729.0
1643.9
729.0
