112.9
85.6
112.9
85.6
148.9
85.6
246.6
85.6
341.7
85.6
437.1
85.6
531.4
85.6
628.7
85.6
723.0
85.6
819.5
85.6
914.8
85.6
1007.9
85.6
1101.9
85.6
1197.9
85.6
1287.0
85.6
1375.5
85.6
1464.4
85.6
1559.5
85.6
1655.3
85.6
1684.9
133.7
1684.1
206.7
1686.4
277.3
1693.7
342.8
1695.0
415.6
1697.0
493.2
1692.4
571.6
1698.0
642.8
1695.8
719.2
1701.3
796.9
1005.0
454.1
1094.0
454.1
1185.0
454.1
1277.0
454.1
1368.8
454.1
1459.2
454.1
1549.4
454.1
1639.0
454.1
1686.7
486.9
1684.5
567.4
1683.1
633.9
1687.8
703.0
1692.7
778.1
106.8
91.0
106.8
91.0
106.7
91.0
