1567.4
775.6
1546.1
775.6
1487.0
775.6
1434.6
775.6
1382.4
775.6
1328.5
775.6
1276.0
775.6
1223.2
775.6
1170.3
775.6
1118.2
775.6
1066.1
775.6
1013.3
775.6
960.8
775.6
908.1
775.6
854.7
775.6
802.6
775.6
750.3
775.6
698.0
775.6
646.4
775.6
593.6
775.6
540.6
775.6
487.7
775.6
436.2
775.6
382.9
775.6
325.0
775.6
265.8
775.6
206.6
775.6
147.6
775.6
89.6
775.6
72.4
765.4
77.8
677.4
73.3
608.1
75.1
529.0
66.9
467.4
72.3
383.0
73.6
313.1
76.3
240.2
70.4
170.7
72.4
96.7
71.4
19.5
1645.6
744.7
1632.7
744.7
